Formulaire à remettre pour le 26 septembre 2013 - secrétariat pôle INGI - secretaire-ingi@uclouvain.be				
4x12
1 0 0 0 0 0 1 0 1 1 0 0
0 0 1 0 0 1 1 1 1 0 1 0
0 1 0 0 0 1 0 1 0 0 1 1
1 1 0 1 0 1 0 1 1 0 1 1
12x13
1 0 1 1 1 0 1 0 0 1 1 1 0
0 0 0 0 1 1 0 0 1 1 0 0 1
1 1 0 0 0 1 1 1 1 1 0 0 0
1 0 1 0 0 1 0 0 1 1 1 0 0
1 1 0 1 0 1 0 1 0 1 1 0 1
0 1 1 0 0 0 0 0 0 1 0 0 1
0 1 1 1 1 1 0 0 1 1 0 0 1
0 0 1 0 1 1 1 0 1 0 1 0 0
1 1 0 0 0 0 1 1 1 1 0 0 0
0 1 1 0 1 0 1 1 1 0 1 1 0
1 1 1 1 1 0 1 1 1 0 0 1 0
0 0 1 0 1 1 1 1 0 0 1 1 0
13x14
0 0 1 1 0 1 0 0 0 1 0 0 1 1
1 1 0 0 0 1 0 1 0 1 0 0 0 1
0 1 1 0 1 0 0 1 1 1 1 1 1 1
0 1 1 1 1 0 0 0 1 0 0 1 1 0
1 0 1 0 1 1 1 0 1 1 1 0 1 0
1 0 1 1 1 1 0 0 0 1 1 1 0 1
0 0 0 0 0 1 0 0 1 1 0 0 1 0
0 0 1 0 0 1 0 1 0 1 0 0 0 1
0 1 0 0 1 0 0 0 0 1 0 0 1 1
1 0 1 1 0 1 0 0 0 0 0 0 1 1
1 0 1 0 1 0 0 0 0 0 0 1 0 0
1 1 0 1 1 0 0 0 1 1 1 1 1 1
0 0 1 1 0 0 0 1 0 1 1 1 1 0

